 -3.9211366e-005
  2.3171106e-003
  2.3601720e-003
 -1.0439462e-002
 -1.3521984e-002
  2.0709144e-002
  3.8533571e-002
 -2.3058101e-002
 -7.4266453e-002
  7.2741047e-003
  1.0798333e-001
  2.8535172e-002
 -1.2340620e-001
 -7.3978697e-002
  1.1081673e-001
  1.1081673e-001
 -7.3978697e-002
 -1.2340620e-001
  2.8535172e-002
  1.0798333e-001
  7.2741047e-003
 -7.4266453e-002
 -2.3058101e-002
  3.8533571e-002
  2.0709144e-002
 -1.3521984e-002
 -1.0439462e-002
  2.3601720e-003
  2.3171106e-003
 -3.9211366e-005
