 -3.0597525e-004
  5.1809262e-003
  3.2211492e-003
 -1.1647097e-002
 -1.3882511e-002
  2.0559528e-002
  3.7802826e-002
 -2.2571348e-002
 -7.2849166e-002
  7.1617828e-003
  1.0674534e-001
  2.8311855e-002
 -1.2280304e-001
 -7.3768171e-002
  1.1061694e-001
  1.1061694e-001
 -7.3768171e-002
 -1.2280304e-001
  2.8311855e-002
  1.0674534e-001
  7.1617828e-003
 -7.2849166e-002
 -2.2571348e-002
  3.7802826e-002
  2.0559528e-002
 -1.3882511e-002
 -1.1647097e-002
  3.2211492e-003
  5.1809262e-003
 -3.0597525e-004
