 -1.7696600e-006
  2.2109037e-004
  3.5211984e-004
 -2.2651299e-003
 -4.0632169e-003
  8.2717906e-003
  1.9726028e-002
 -1.4632234e-002
 -5.6639464e-002
  6.4757986e-003
  1.0915020e-001
  3.1889407e-002
 -1.4859517e-001
 -9.3591720e-002
  1.4369008e-001
  1.4369008e-001
 -9.3591720e-002
 -1.4859517e-001
  3.1889407e-002
  1.0915020e-001
  6.4757986e-003
 -5.6639464e-002
 -1.4632234e-002
  1.9726028e-002
  8.2717906e-003
 -4.0632169e-003
 -2.2651299e-003
  3.5211984e-004
  2.2109037e-004
 -1.7696600e-006
